0 1
1 0
1 2
1 4
1 13
1 28
1 29
1 50
2 3
2 5
2 42
3 4
3 12
3 20
3 29
3 39
3 46
3 47
4 5
4 7
4 13
4 15
4 36
4 42
4 48
5 6
5 14
5 17
5 35
5 36
5 44
5 46
6 0
6 7
6 14
6 23
6 30
7 8
7 14
7 21
7 25
7 35
7 36
8 1
8 9
8 26
8 27
9 5
9 6
9 10
9 11
9 26
9 30
9 34
9 35
9 37
9 44
10 11
10 28
10 33
10 48
11 6
11 9
11 12
11 16
11 27
11 44
12 13
12 28
12 30
12 33
12 44
12 51
12 52
13 1
13 14
13 31
13 39
13 49
14 0
14 2
14 15
14 34
14 42
15 12
15 16
15 48
15 50
15 52
16 12
16 13
16 17
16 33
16 34
16 35
17 2
17 8
17 18
17 28
17 30
18 0
18 8
18 19
18 26
18 32
18 38
19 5
19 20
19 33
19 35
19 41
20 8
20 9
20 21
20 29
21 5
21 9
21 13
21 22
22 10
22 23
22 28
22 29
22 38
22 43
22 49
22 51
23 6
23 10
23 19
23 24
23 30
23 39
24 9
24 14
24 25
24 50
25 3
25 26
25 29
25 35
25 41
25 47
26 8
26 27
26 52
27 3
27 26
27 28
27 49
28 10
28 18
28 20
28 29
29 4
29 30
29 51
30 12
30 31
30 39
30 41
30 44
30 50
31 3
31 5
31 21
31 22
31 26
31 29
31 32
31 37
32 8
32 13
32 15
32 21
32 26
32 28
32 33
32 34
33 23
33 32
33 34
33 35
33 47
34 1
34 6
34 9
34 23
34 35
34 49
35 1
35 3
35 8
35 17
35 36
35 45
36 9
36 37
37 3
37 20
37 29
37 36
37 38
37 51
38 0
38 3
38 30
38 31
38 32
38 39
39 0
39 7
39 32
39 36
39 40
39 41
39 46
39 51
39 52
40 12
40 14
40 16
40 25
40 41
41 5
41 6
41 9
41 36
41 42
42 4
42 7
42 22
42 37
42 43
43 33
43 34
43 44
43 47
43 52
44 19
44 22
44 32
44 33
44 38
44 45
45 24
45 26
45 46
45 48
46 1
46 28
46 47
47 15
47 16
47 21
47 48
48 4
48 33
48 49
49 6
49 11
49 15
49 43
49 50
49 51
50 40
50 48
50 51
50 52
51 14
51 30
51 35
51 46
51 52
52 0
52 27
52 33
52 34
52 36
52 43
