0 1
0 61
0 311
0 743
0 794
0 845
1 2
1 121
1 532
1 629
1 673
1 777
1 832
1 971
2 3
2 13
2 157
2 283
2 289
2 418
2 623
3 4
3 341
3 393
3 437
3 774
3 976
4 5
4 318
4 320
4 462
4 721
4 993
4 996
5 6
5 404
5 586
5 622
5 823
5 965
5 987
6 7
6 185
6 251
6 267
6 307
6 513
6 544
6 777
6 782
6 954
6 965
7 8
7 183
7 384
7 591
7 641
8 9
8 12
8 105
8 229
8 238
8 579
8 683
8 712
8 846
8 851
8 867
8 931
9 10
9 117
9 223
9 226
9 305
9 485
9 496
9 992
10 0
10 11
10 206
10 678
10 688
10 772
11 12
11 271
11 649
11 658
12 13
12 17
12 295
12 609
12 721
12 869
13 14
14 15
14 195
14 270
14 351
14 565
14 725
14 747
14 759
14 913
15 16
15 366
15 505
15 739
15 947
15 981
16 17
16 116
16 127
16 147
16 267
16 712
16 935
17 18
17 95
17 398
17 491
17 601
17 865
18 19
18 355
18 367
18 975
19 20
19 213
19 262
19 275
19 281
19 634
19 642
19 793
19 869
20 21
20 49
20 326
20 345
20 539
20 551
20 636
20 885
21 22
21 165
22 23
22 66
22 119
22 190
22 603
22 790
23 24
23 28
23 85
23 128
23 305
23 339
23 348
23 993
24 25
24 476
24 606
24 788
24 999
25 26
25 47
25 390
25 494
25 634
25 759
25 818
26 27
26 91
26 134
26 291
26 326
26 464
26 623
26 780
26 789
26 951
27 28
27 424
27 574
27 810
27 868
27 975
27 995
28 29
28 491
28 493
28 720
28 780
29 30
29 47
29 83
29 92
29 177
29 264
29 297
29 398
29 417
29 762
29 996
30 31
30 66
30 95
30 101
30 343
30 783
30 917
30 966
31 32
31 93
31 240
31 247
31 509
31 814
31 832
31 913
32 33
32 95
32 278
32 293
32 824
32 826
32 828
33 34
33 181
33 183
33 186
33 303
33 418
33 460
33 514
33 764
33 812
34 24
34 35
34 38
34 280
34 301
34 593
34 859
35 36
35 129
35 291
35 679
35 861
36 37
36 95
36 661
36 854
37 38
37 148
37 347
37 550
37 753
37 771
37 856
38 39
38 92
38 176
38 471
38 546
38 741
38 935
39 40
39 111
39 140
39 293
39 405
39 879
39 898
40 41
40 253
40 316
40 561
40 872
40 894
40 910
40 920
40 944
40 990
41 42
41 46
41 220
41 452
41 481
41 525
41 751
42 43
42 99
42 315
42 323
42 324
42 326
42 355
42 460
42 594
42 622
42 845
43 44
43 235
43 415
43 595
43 684
43 744
43 762
43 842
43 898
43 986
44 45
44 55
44 67
44 106
44 303
44 420
44 671
44 714
44 744
44 810
44 905
45 46
45 61
45 411
45 576
45 879
45 946
46 5
46 9
46 47
46 85
46 225
46 248
46 341
46 410
46 433
46 503
46 576
46 607
46 677
46 918
47 40
47 48
47 101
47 105
47 946
47 976
48 49
48 151
48 284
48 407
48 774
48 881
48 886
48 948
48 995
49 50
49 51
49 296
49 395
49 566
49 820
49 959
50 51
50 111
50 189
50 194
51 52
51 172
51 689
51 805
51 926
51 948
52 53
52 208
52 258
52 274
52 341
52 583
52 597
52 792
53 54
53 102
53 129
53 159
53 207
53 301
53 340
53 405
53 656
53 808
53 874
53 974
54 0
54 55
54 103
54 155
54 279
54 405
54 886
54 925
54 980
55 13
55 56
55 64
55 88
55 182
55 192
55 235
55 248
55 369
55 432
55 706
55 707
55 836
55 891
56 7
56 57
56 308
56 527
56 622
56 647
56 761
56 880
57 58
57 238
57 272
57 300
57 345
57 360
57 502
57 572
57 855
57 943
58 51
58 59
58 377
58 961
58 968
59 60
59 111
59 246
59 250
59 572
59 575
59 646
60 22
60 61
60 168
60 536
60 583
60 629
60 929
60 965
61 62
61 287
61 290
61 861
61 957
61 971
62 28
62 63
62 92
62 369
62 402
62 407
62 412
62 490
63 64
63 154
63 435
63 707
63 848
63 850
63 941
64 22
64 65
64 113
64 123
64 171
64 267
64 270
64 641
64 650
64 733
65 66
65 269
65 274
65 345
65 394
65 424
65 554
65 649
65 922
65 959
66 67
66 299
66 563
67 68
67 192
67 215
67 317
67 495
67 889
67 955
67 992
68 44
68 69
68 89
68 93
68 103
68 241
68 256
68 397
68 574
68 580
69 12
69 14
69 70
69 101
69 315
69 353
69 391
69 480
69 570
69 805
70 71
70 186
70 518
70 543
70 778
70 838
70 849
70 941
71 72
71 86
71 282
71 307
71 503
71 916
71 971
71 990
72 13
72 73
72 234
72 318
72 394
72 483
72 526
72 540
72 560
72 724
72 854
73 61
73 74
73 81
73 272
73 556
73 623
73 663
74 9
74 72
74 75
74 97
74 192
74 366
74 382
74 515
74 794
75 76
75 283
75 452
75 460
75 550
75 590
76 77
76 160
76 480
76 560
76 606
76 687
76 700
76 966
77 78
77 144
77 181
77 348
77 453
77 606
77 648
77 654
77 860
77 913
78 79
78 252
78 306
78 369
78 508
78 522
78 526
78 660
78 744
79 80
79 135
79 529
79 551
79 585
79 700
79 730
79 882
79 939
80 81
80 256
80 382
80 404
80 405
80 470
80 512
80 535
80 692
80 764
80 798
80 944
81 82
81 215
81 335
81 432
81 479
81 615
81 623
82 6
82 83
82 400
82 499
82 612
82 635
82 861
82 871
82 872
83 46
83 84
83 94
83 383
83 484
83 538
83 596
84 85
84 113
84 129
84 274
84 335
84 380
84 511
84 578
84 655
84 744
85 86
85 571
85 658
86 87
86 290
86 317
86 594
86 670
86 742
86 904
86 906
87 10
87 88
87 111
87 684
87 749
87 790
88 67
88 89
88 147
88 282
88 288
88 410
88 421
88 566
88 876
88 946
89 75
89 90
89 286
89 301
89 341
89 449
89 495
89 604
89 747
89 999
90 6
90 91
90 132
90 190
90 251
90 642
90 877
91 21
91 92
91 115
91 227
91 254
91 324
91 404
91 452
91 981
92 16
92 93
92 154
92 227
92 243
92 374
92 406
92 562
92 629
92 798
92 958
92 967
93 94
93 234
93 481
93 657
93 678
93 702
93 720
93 728
93 773
93 810
93 843
93 920
94 95
94 334
94 357
94 389
94 584
94 649
94 734
94 926
95 44
95 96
95 346
95 381
95 442
95 514
95 611
95 670
95 748
96 97
96 473
96 533
97 1
97 98
97 138
97 320
97 443
97 517
97 606
97 640
97 871
97 916
98 50
98 99
98 181
98 460
98 762
98 801
99 26
99 51
99 100
99 103
99 367
99 482
99 674
99 841
99 925
100 51
100 101
100 150
100 202
100 242
100 261
100 264
100 435
100 447
100 463
100 822
100 827
100 995
101 32
101 102
101 327
101 707
101 812
101 859
102 103
102 291
102 454
102 538
102 697
102 738
102 832
102 852
102 895
103 104
103 252
103 333
103 347
103 804
103 812
103 926
104 7
104 105
104 693
104 713
104 753
104 759
104 823
104 843
105 35
105 97
105 106
105 149
105 413
105 415
105 720
105 728
105 915
106 107
106 210
106 268
106 426
106 723
106 790
107 75
107 108
107 302
107 523
108 10
108 109
108 116
108 249
108 296
108 392
108 444
108 509
108 784
108 857
108 891
109 93
109 110
109 128
109 138
109 179
109 185
109 242
109 260
109 572
109 760
109 950
110 19
110 105
110 111
110 358
110 441
110 502
110 592
110 691
110 775
111 16
111 112
111 168
111 254
111 462
112 113
112 123
112 156
112 582
112 881
113 98
113 114
113 312
113 392
113 652
113 712
113 749
113 866
113 890
114 77
114 79
114 115
114 383
114 618
114 835
114 951
115 116
115 135
115 184
115 241
115 324
115 338
115 586
115 594
115 757
115 779
115 866
116 26
116 99
116 117
116 153
116 268
116 274
116 353
116 356
116 493
116 702
116 723
116 803
116 954
117 23
117 101
117 118
117 606
117 698
117 796
118 53
118 72
118 99
118 119
118 779
118 851
118 898
118 911
118 916
119 13
119 120
119 187
119 264
119 696
119 838
120 14
120 95
120 121
120 279
120 289
120 380
120 532
120 663
120 755
120 891
120 920
121 122
121 131
121 216
121 229
121 616
122 7
122 12
122 92
122 123
122 146
122 405
122 760
122 783
122 942
122 964
123 124
123 253
123 305
123 534
123 575
123 674
123 715
123 738
123 815
123 880
123 999
124 12
124 48
124 125
124 205
124 403
124 467
124 696
124 711
124 725
124 997
125 43
125 126
125 138
125 238
125 256
125 420
125 560
125 868
126 42
126 93
126 127
126 375
126 603
126 659
126 697
126 942
127 87
127 128
127 459
127 473
127 479
128 129
128 131
128 138
128 214
128 311
128 732
128 805
128 995
129 43
129 130
129 134
129 211
129 281
129 484
129 514
129 532
129 652
129 653
129 767
130 32
130 131
130 196
130 265
130 319
130 511
130 520
130 587
130 637
130 686
130 745
130 872
131 55
131 106
131 132
131 687
131 758
131 857
131 899
132 105
132 133
132 177
132 182
132 389
132 443
132 609
133 14
133 29
133 80
133 134
133 164
133 202
133 441
133 553
133 579
133 778
133 923
134 92
134 95
134 135
134 189
134 367
134 904
134 945
134 949
134 983
135 89
135 136
135 210
135 255
135 485
135 489
135 630
135 727
135 740
135 919
135 991
136 45
136 102
136 137
136 652
136 656
136 820
137 11
137 138
137 256
137 260
137 270
137 307
137 319
137 350
137 475
137 644
137 695
137 903
137 986
138 139
138 402
138 440
138 799
138 992
139 3
139 86
139 113
139 140
139 199
139 296
139 307
139 352
139 468
139 493
139 764
139 884
140 111
140 141
140 167
140 204
140 205
140 391
140 428
140 530
140 643
140 657
140 816
141 142
141 154
141 271
141 422
141 594
141 821
141 893
142 143
142 192
142 275
142 648
142 694
142 803
142 836
142 855
142 908
143 36
143 46
143 144
143 191
143 335
143 432
143 515
143 737
143 770
143 809
143 841
143 912
144 145
144 339
144 500
144 523
144 965
145 146
145 356
145 382
145 422
145 474
145 591
145 704
145 747
145 758
145 792
145 802
146 147
146 323
146 655
146 676
146 787
146 869
147 13
147 148
147 203
147 305
147 320
147 419
147 553
147 633
147 825
148 54
148 58
148 149
148 221
148 371
148 392
148 482
148 543
148 889
148 970
149 140
149 150
149 327
149 451
149 728
149 744
149 819
149 859
149 866
150 57
150 123
150 151
150 786
150 818
150 850
151 56
151 67
151 126
151 135
151 152
151 241
151 246
151 580
151 600
151 671
151 733
151 807
152 35
152 130
152 153
152 161
152 287
152 374
152 457
152 558
152 620
152 668
152 758
152 830
152 972
153 154
153 166
153 168
153 183
153 191
153 334
153 341
153 484
153 529
153 561
153 620
154 155
154 353
154 450
154 674
154 764
155 50
155 156
155 349
155 507
155 797
156 157
156 210
156 244
156 436
156 445
156 703
156 756
156 778
157 24
157 158
157 165
157 166
157 314
157 389
157 662
157 718
157 732
157 950
158 40
158 79
158 96
158 159
158 194
158 282
158 436
158 460
158 953
159 108
159 160
159 220
159 310
159 642
160 161
160 245
160 966
161 16
161 58
161 162
161 255
161 325
161 370
161 416
161 448
161 450
161 451
161 464
161 511
161 546
161 772
161 826
162 67
162 163
162 178
163 102
163 164
163 415
163 806
163 833
164 165
164 188
164 293
164 398
164 749
165 102
165 166
165 330
165 351
165 552
165 688
165 756
165 759
165 799
166 104
166 147
166 167
166 379
166 397
166 546
166 577
166 748
166 874
166 999
167 61
167 168
167 508
167 722
167 857
168 169
168 263
168 444
168 449
168 450
168 460
168 504
168 952
169 76
169 170
169 271
169 630
169 775
169 811
169 860
170 171
170 264
170 380
170 406
170 416
170 629
170 633
170 710
170 811
170 905
170 924
171 36
171 66
171 172
171 475
171 556
171 620
171 645
171 655
171 813
171 994
172 50
172 66
172 173
172 590
172 713
172 799
173 174
173 515
173 674
173 701
174 29
174 175
174 224
174 289
174 336
174 565
174 591
174 855
175 87
175 176
175 671
175 674
175 778
175 808
175 820
175 923
176 40
176 177
176 647
176 781
176 833
177 178
177 343
177 470
177 486
177 499
177 565
177 616
177 678
177 752
178 31
178 112
178 179
178 271
178 625
178 895
178 931
179 66
179 80
179 180
179 481
179 502
179 625
179 641
179 655
179 661
179 663
180 161
180 163
180 181
180 242
180 431
180 567
180 751
181 182
181 320
181 708
181 746
181 859
181 902
181 940
181 949
181 983
182 183
182 245
182 451
182 487
182 550
182 594
182 660
183 13
183 109
183 184
183 228
183 266
183 309
183 379
183 391
183 464
183 571
183 579
183 721
183 754
183 787
184 174
184 185
184 279
184 418
184 563
184 698
184 797
184 902
184 973
184 985
185 27
185 186
185 300
185 687
185 851
186 51
186 187
186 402
186 638
187 36
187 116
187 188
187 261
187 285
187 969
188 189
188 259
188 325
188 510
188 533
188 772
188 874
188 938
188 988
189 143
189 190
189 196
189 379
189 450
189 904
189 917
190 14
190 70
190 191
190 248
190 655
190 852
191 192
191 441
191 508
191 556
191 561
191 680
191 985
192 109
192 123
192 168
192 193
192 329
192 452
192 856
192 873
193 5
193 152
193 194
193 421
193 428
193 714
193 765
193 768
193 877
193 959
194 96
194 195
194 197
194 348
194 351
194 510
194 580
194 635
194 985
195 18
195 19
195 87
195 88
195 196
195 306
195 943
195 968
196 28
196 92
196 120
196 194
196 197
196 480
196 917
196 980
197 21
197 25
197 198
197 231
197 293
197 323
197 328
197 455
197 828
197 896
197 978
198 115
198 117
198 199
198 301
198 303
198 338
198 376
198 675
198 784
198 927
199 34
199 200
199 465
199 502
199 532
200 201
200 337
200 468
200 750
200 840
201 110
201 168
201 202
201 468
201 650
201 794
202 203
202 499
202 902
202 924
203 86
203 150
203 156
203 204
203 268
203 346
203 369
203 393
203 471
203 512
203 623
203 733
203 765
204 160
204 189
204 205
204 273
204 424
204 701
204 748
204 796
204 836
204 859
204 907
205 135
205 206
205 490
205 609
205 808
206 109
206 163
206 207
206 301
206 366
206 449
206 508
206 842
206 847
206 903
207 3
207 139
207 208
207 343
207 535
207 635
207 705
207 775
208 209
208 379
208 420
208 423
208 559
208 703
208 771
208 866
208 889
208 997
209 67
209 141
209 210
209 308
209 406
209 685
210 211
210 344
210 530
210 575
210 697
210 734
210 908
210 932
211 174
211 212
211 530
211 533
211 555
211 668
211 670
211 824
211 833
211 852
212 213
212 310
212 462
212 600
212 640
212 704
213 214
213 671
213 890
214 7
214 215
214 255
214 355
214 448
214 492
214 626
214 639
214 712
214 757
215 216
215 591
215 785
215 880
216 189
216 217
216 270
216 678
216 751
216 883
216 922
216 935
216 959
217 11
217 158
217 218
217 597
217 599
217 657
217 730
218 95
218 219
218 488
218 518
218 523
218 643
218 676
218 679
218 782
218 885
219 210
219 220
219 294
219 349
219 520
219 526
219 552
219 993
220 187
220 221
220 385
220 440
220 745
220 833
220 855
221 222
221 459
221 537
221 605
221 756
221 832
222 88
222 205
222 223
222 350
222 454
222 490
222 836
222 973
223 135
223 147
223 158
223 224
223 238
223 435
223 476
223 628
223 780
223 915
223 973
223 996
224 141
224 180
224 225
224 279
224 475
224 589
224 601
224 651
224 779
225 7
225 64
225 75
225 226
225 269
225 459
225 499
225 693
225 979
226 156
226 224
226 227
226 239
226 341
226 456
226 631
226 654
226 663
226 729
226 904
227 2
227 131
227 219
227 228
227 379
227 522
227 702
227 800
227 836
227 913
228 24
228 142
228 229
228 528
228 854
228 864
229 21
229 28
229 147
229 230
229 498
229 663
229 760
229 867
229 978
230 65
230 166
230 231
230 307
230 354
230 825
230 861
230 933
230 964
231 140
231 190
231 232
231 307
231 567
231 639
231 857
231 880
232 233
232 314
232 369
232 427
232 765
232 824
233 229
233 234
233 321
233 417
233 423
233 738
233 758
233 791
233 932
234 69
234 207
234 235
234 253
234 833
234 841
234 960
235 78
235 236
235 253
235 387
235 388
235 512
235 602
235 621
236 69
236 237
236 392
236 467
236 610
236 643
237 236
237 238
237 295
237 472
237 519
237 547
237 854
237 858
237 970
238 239
238 262
238 554
238 725
238 921
238 931
238 997
239 240
239 482
239 546
240 214
240 241
240 413
240 646
240 753
240 908
241 63
241 114
241 242
241 304
241 395
241 568
241 632
241 824
241 875
242 214
242 243
242 298
242 504
242 809
242 878
242 885
242 966
243 50
243 119
243 222
243 244
243 285
243 308
243 355
243 380
243 519
243 602
243 676
244 245
244 271
244 312
244 316
244 328
244 429
244 500
244 585
244 663
244 868
244 960
245 246
245 506
245 770
246 196
246 211
246 220
246 247
246 272
246 511
246 576
246 580
246 586
246 707
246 750
246 869
247 248
247 737
247 893
248 32
248 51
248 249
248 333
248 475
248 712
249 44
249 250
249 313
249 713
249 947
250 29
250 47
250 167
250 175
250 251
250 486
250 543
250 758
250 824
250 903
251 154
251 155
251 252
251 511
251 531
251 816
251 849
251 850
252 248
252 253
252 285
252 437
252 592
252 738
252 762
252 804
252 986
253 107
253 110
253 144
253 240
253 254
253 283
253 335
253 672
253 696
253 724
253 779
253 860
254 121
254 231
254 255
254 273
254 280
254 378
254 394
254 493
254 535
254 566
254 583
254 985
254 991
255 33
255 167
255 256
255 645
255 983
256 26
256 53
256 257
256 331
256 467
256 575
256 694
256 795
256 817
257 197
257 236
257 258
257 385
257 966
257 994
258 223
258 259
258 622
258 674
258 697
258 741
258 834
259 12
259 260
259 267
259 492
259 516
259 565
260 45
260 261
260 487
260 809
261 5
261 174
261 208
261 262
261 308
261 791
262 50
262 202
262 263
262 659
262 703
262 765
263 93
263 264
263 735
264 247
264 265
264 327
264 348
264 384
264 417
264 561
264 643
264 742
264 978
265 166
265 266
265 769
265 939
266 62
266 119
266 152
266 177
266 232
266 267
266 369
266 388
266 599
266 720
266 839
267 179
267 268
267 368
267 669
267 671
267 770
267 801
267 871
267 974
268 87
268 220
268 269
268 307
268 793
269 242
269 254
269 270
269 356
269 450
269 554
269 751
269 764
269 851
270 171
270 271
270 517
270 529
270 598
270 744
271 48
271 135
271 142
271 211
271 272
271 346
271 666
271 872
271 990
272 155
272 273
272 381
272 541
273 20
273 29
273 274
273 460
273 562
273 619
273 620
273 820
273 821
273 840
273 976
274 67
274 275
275 62
275 276
275 420
275 422
275 482
275 577
275 608
275 667
275 746
275 750
276 104
276 184
276 277
276 637
276 714
276 823
276 947
276 973
277 54
277 278
277 313
277 535
277 701
277 845
277 908
278 239
278 279
278 288
278 291
278 343
278 453
278 536
278 855
279 127
279 139
279 220
279 251
279 280
279 425
279 460
279 774
279 850
280 46
280 117
280 144
280 196
280 214
280 281
280 377
280 854
281 62
281 128
281 230
281 250
281 282
281 286
281 450
281 548
281 605
281 888
282 114
282 194
282 283
282 412
282 532
282 598
282 696
282 941
283 45
283 54
283 231
283 284
283 504
283 545
283 787
283 887
284 51
284 85
284 185
284 200
284 258
284 285
284 582
284 674
284 770
284 900
284 971
285 286
285 770
285 783
285 885
285 902
286 33
286 230
286 287
286 899
286 901
286 921
287 59
287 216
287 281
287 288
287 504
287 611
287 863
288 46
288 275
288 289
288 381
288 506
288 796
288 886
289 25
289 290
289 305
289 707
289 924
290 184
290 291
290 345
290 426
290 587
290 612
290 694
290 866
291 28
291 85
291 214
291 292
291 328
291 353
291 625
291 662
291 682
291 743
291 797
292 147
292 186
292 240
292 293
292 365
292 433
292 549
292 661
292 888
292 898
293 17
293 215
293 294
293 474
293 480
293 496
293 517
293 728
294 95
294 124
294 232
294 295
294 328
294 437
294 448
294 693
294 743
294 764
294 978
295 75
295 167
295 296
295 449
295 570
295 678
295 893
295 981
296 41
296 81
296 117
296 239
296 297
296 335
296 668
296 992
297 37
297 43
297 198
297 298
297 368
297 466
297 479
297 687
297 968
298 33
298 193
298 299
298 377
298 399
298 423
298 439
298 450
298 542
298 560
298 577
298 727
298 752
299 33
299 296
299 300
299 888
300 206
300 301
300 426
300 445
300 677
300 740
301 63
301 130
301 226
301 296
301 302
301 348
301 463
301 474
301 478
301 555
302 22
302 156
302 164
302 265
302 303
302 429
302 567
302 716
302 764
302 839
302 864
303 222
303 270
303 304
304 243
304 305
304 587
304 880
304 895
305 192
305 306
305 339
305 399
305 423
305 586
305 887
305 971
306 9
306 307
306 372
306 486
306 583
306 607
306 925
306 954
307 38
307 45
307 308
307 385
307 468
307 518
307 519
307 861
307 864
308 86
308 124
308 274
308 309
308 356
308 415
308 430
308 487
308 621
308 683
308 788
309 89
309 162
309 179
309 241
309 310
309 404
309 494
309 516
309 664
309 897
310 247
310 301
310 311
310 318
310 410
310 453
310 636
310 815
310 905
310 979
311 6
311 79
311 87
311 168
311 312
311 504
311 505
311 580
311 738
311 743
311 744
311 792
311 911
312 117
312 165
312 173
312 215
312 313
312 341
312 383
312 498
312 536
312 582
312 729
313 314
313 456
313 710
314 245
314 315
314 430
314 591
314 609
314 840
315 21
315 25
315 316
315 374
315 455
315 474
315 803
315 815
315 978
316 317
316 407
316 682
316 705
316 747
316 943
317 80
317 318
317 472
317 925
317 990
318 319
318 335
318 564
318 726
319 23
319 320
319 340
319 351
319 533
319 589
319 627
319 654
319 958
320 45
320 120
320 194
320 321
320 337
320 376
320 403
320 423
320 436
320 446
320 560
320 589
320 611
321 126
321 181
321 322
321 362
321 589
321 601
321 616
321 679
321 728
321 979
322 16
322 217
322 258
322 323
322 504
322 726
322 862
322 873
322 948
323 5
323 121
323 324
323 410
323 418
323 566
323 705
323 754
323 804
323 846
323 951
323 981
324 135
324 178
324 265
324 325
324 369
324 386
324 391
324 571
324 657
324 668
325 326
325 463
325 475
325 497
325 538
325 617
325 762
325 905
326 68
326 166
326 247
326 277
326 327
326 591
326 751
326 791
326 880
326 901
326 953
327 159
327 171
327 328
327 462
327 683
327 914
327 936
328 19
328 105
328 205
328 242
328 246
328 329
328 352
328 361
328 390
328 617
329 254
329 330
329 397
329 622
329 775
329 848
329 856
329 890
330 139
330 162
330 331
330 377
330 419
330 586
330 611
330 618
330 727
330 817
330 848
330 872
330 893
331 16
331 118
331 157
331 263
331 332
331 623
331 701
331 720
332 15
332 186
332 333
332 815
332 884
332 887
333 38
333 91
333 233
333 235
333 334
333 429
333 568
333 569
333 877
334 30
334 156
334 335
334 497
334 765
335 151
335 216
335 336
335 506
335 528
335 874
335 956
336 337
336 792
336 832
336 872
337 96
337 309
337 318
337 338
337 421
337 450
337 459
337 539
337 686
337 993
338 82
338 240
338 339
338 360
338 365
338 477
338 573
338 638
338 662
338 737
338 993
339 38
339 210
339 340
339 380
339 393
339 579
339 662
339 707
339 818
339 890
339 939
339 988
340 61
340 341
340 543
340 646
340 861
341 249
341 328
341 342
341 349
341 698
342 67
342 83
342 244
342 343
342 399
342 440
342 631
343 95
343 276
343 291
343 344
343 457
343 670
343 810
344 29
344 84
344 104
344 279
344 283
344 309
344 345
344 519
344 684
345 173
345 263
345 346
345 431
345 444
345 673
345 693
345 779
345 862
346 21
346 322
346 347
346 531
346 553
346 820
346 833
347 348
347 359
347 384
347 847
347 898
347 943
347 997
348 114
348 213
348 284
348 349
348 621
348 734
348 775
348 956
349 161
349 215
349 350
349 363
349 989
349 996
350 77
350 174
350 176
350 351
350 419
350 557
350 559
350 650
350 944
351 86
351 225
351 352
351 374
351 547
351 671
351 836
351 993
352 20
352 91
352 151
352 200
352 216
352 319
352 353
352 435
352 448
352 717
352 792
352 827
352 898
352 934
352 964
353 55
353 340
353 354
353 498
353 746
354 54
354 355
354 651
354 679
354 946
355 356
355 403
355 430
355 459
355 726
356 121
356 195
356 319
356 331
356 355
356 357
356 418
356 900
357 69
357 95
357 358
357 470
357 952
358 229
358 262
358 306
358 312
358 352
358 359
358 562
358 573
358 631
359 57
359 224
359 315
359 360
359 457
359 490
359 545
359 559
359 656
359 739
359 744
359 881
359 888
359 986
360 106
360 164
360 173
360 305
360 361
360 430
360 559
360 575
360 843
360 865
361 246
361 291
361 362
361 528
361 629
361 685
361 784
361 995
362 73
362 126
362 219
362 273
362 363
362 567
362 620
362 692
362 798
362 894
363 170
363 214
363 228
363 260
363 332
363 364
363 431
363 640
363 816
364 159
364 365
364 405
364 566
364 660
365 167
365 228
365 366
365 421
365 693
365 726
365 807
365 881
366 74
366 215
366 318
366 367
366 396
366 690
366 741
366 915
367 41
367 81
367 302
367 315
367 368
367 383
367 498
367 588
367 768
367 793
367 833
367 974
368 56
368 244
368 369
368 573
368 709
368 718
368 779
368 860
368 885
368 953
368 984
369 69
369 256
369 300
369 370
369 397
369 407
369 429
369 465
369 567
369 707
369 721
369 956
370 18
370 90
370 109
370 160
370 371
370 595
370 627
370 650
371 37
371 87
371 98
371 101
371 316
371 372
371 566
371 765
371 899
372 342
372 373
372 381
372 441
372 514
372 525
372 845
372 998
373 374
373 473
373 692
373 749
373 827
373 874
373 920
373 983
374 92
374 333
374 375
374 476
374 543
374 626
374 773
374 782
375 226
375 357
375 370
375 376
375 464
375 910
376 117
376 161
376 174
376 377
376 629
376 773
376 819
376 841
376 946
377 205
377 339
377 378
377 484
377 605
377 813
378 188
378 191
378 239
378 291
378 319
378 379
378 395
378 566
378 585
378 596
378 693
378 922
379 94
379 380
379 527
379 641
379 686
379 895
379 958
380 381
380 454
380 635
380 789
381 12
381 122
381 265
381 353
381 382
381 459
381 469
381 500
381 702
382 61
382 159
382 188
382 259
382 383
382 524
382 604
382 710
382 780
382 972
382 980
383 384
383 400
383 526
383 912
383 976
384 82
384 103
384 385
384 462
384 672
384 784
384 897
384 912
385 287
385 386
385 453
385 596
385 669
385 796
385 872
386 41
386 75
386 320
386 387
386 565
386 689
387 80
387 314
387 374
387 388
387 412
387 563
388 2
388 389
388 434
388 594
388 699
388 751
388 843
389 44
389 99
389 126
389 151
389 173
389 284
389 359
389 390
389 461
389 477
389 488
389 520
389 737
390 94
390 200
390 296
390 358
390 391
390 395
390 396
390 542
390 585
390 610
390 611
390 628
390 804
391 55
391 392
391 397
391 459
391 514
391 533
391 634
391 699
391 800
391 893
392 4
392 91
392 140
392 239
392 241
392 393
392 460
392 515
392 670
392 725
392 942
392 972
393 67
393 316
393 363
393 394
393 428
393 473
393 506
393 676
393 744
393 884
393 953
394 12
394 135
394 152
394 290
394 395
394 706
394 921
395 50
395 115
395 236
395 262
395 290
395 396
395 516
396 194
396 382
396 397
396 418
396 673
396 881
396 935
397 248
397 363
397 398
397 428
397 461
397 464
397 569
397 625
397 797
398 64
398 191
398 243
398 399
398 693
399 271
399 316
399 400
399 894
400 269
400 401
400 472
400 600
400 815
401 187
401 199
401 228
401 302
401 402
401 601
402 220
402 373
402 403
402 501
402 517
402 541
402 585
402 631
403 382
403 404
403 490
404 347
404 405
404 410
404 415
404 613
404 667
404 823
404 841
404 892
405 29
405 134
405 260
405 281
405 406
405 448
405 741
405 905
406 407
406 536
406 565
406 598
406 773
406 806
406 882
406 964
406 965
407 223
407 227
407 321
407 408
407 482
407 665
407 703
407 905
407 951
407 986
408 261
408 336
408 370
408 409
408 487
408 513
408 687
408 689
409 249
409 364
409 410
409 582
409 761
410 70
410 71
410 204
410 286
410 409
410 411
410 503
410 536
410 547
410 604
410 628
410 632
410 804
410 924
411 98
411 257
411 332
411 412
411 512
411 516
411 603
411 632
411 790
411 823
411 907
412 374
412 413
412 527
412 713
413 19
413 414
413 439
413 867
413 885
414 21
414 397
414 415
414 496
414 708
414 726
414 741
414 787
414 794
414 953
415 71
415 189
415 244
415 304
415 361
415 388
415 390
415 416
415 613
416 123
416 280
416 417
416 500
416 518
416 808
416 972
417 95
417 105
417 297
417 338
417 418
418 119
418 152
418 184
418 260
418 263
418 334
418 419
419 24
419 396
419 420
419 452
419 525
419 654
419 713
419 843
420 22
420 44
420 238
420 270
420 421
420 787
421 100
421 124
421 348
421 422
421 579
421 592
421 821
422 25
422 36
422 96
422 140
422 227
422 266
422 273
422 423
422 707
422 782
422 927
422 948
422 978
422 991
423 88
423 171
423 244
423 307
423 331
423 338
423 424
423 504
423 537
423 569
424 24
424 47
424 153
424 179
424 369
424 376
424 423
424 425
424 830
425 63
425 179
425 426
425 433
425 495
425 556
425 718
425 727
425 747
425 764
425 841
425 868
425 942
425 965
426 182
426 427
426 454
426 570
426 597
426 619
426 620
426 843
426 897
426 937
426 942
426 952
426 979
427 45
427 157
427 183
427 428
427 471
427 492
427 690
427 903
427 910
428 4
428 155
428 429
428 988
429 115
429 204
429 229
429 315
429 430
429 464
429 503
429 551
429 673
429 717
429 846
429 992
430 319
430 374
430 398
430 431
430 680
430 842
431 258
431 306
431 361
431 432
432 32
432 301
432 433
432 517
432 590
432 610
432 662
432 710
433 80
433 92
433 113
433 190
433 283
433 374
433 420
433 434
433 450
433 489
433 520
433 578
433 753
433 808
433 849
433 916
433 984
434 80
434 215
434 435
434 544
434 565
434 619
434 706
434 746
434 855
435 117
435 436
435 543
435 707
436 95
436 170
436 176
436 345
436 401
436 437
436 702
436 770
436 981
437 302
437 320
437 438
437 708
438 138
438 172
438 285
438 353
438 439
438 753
438 901
439 322
439 398
439 423
439 440
439 587
439 614
439 671
440 113
440 116
440 130
440 179
440 441
440 616
440 804
440 825
440 901
441 43
441 149
441 362
441 442
441 965
442 67
442 190
442 215
442 296
442 443
442 625
442 719
442 752
442 753
442 827
442 864
442 876
443 145
443 323
443 444
443 679
443 841
443 983
444 100
444 118
444 160
444 445
444 593
444 645
444 792
444 957
445 90
445 257
445 281
445 282
445 420
445 446
445 536
445 558
445 678
445 791
446 19
446 283
446 413
446 447
446 497
446 603
446 620
446 862
446 889
447 81
447 93
447 184
447 404
447 448
447 810
447 864
447 910
447 998
448 185
448 390
448 449
448 572
448 739
448 744
448 750
448 921
448 978
449 239
449 450
449 750
449 782
450 54
450 169
450 451
450 743
450 916
451 47
451 266
451 321
451 348
451 452
451 559
451 687
452 346
452 424
452 453
452 564
452 638
452 646
452 671
452 691
452 778
452 911
452 938
453 149
453 253
453 397
453 454
453 641
453 792
453 849
453 880
454 51
454 75
454 86
454 455
454 518
454 755
454 820
455 9
455 89
455 180
455 456
455 468
455 799
455 973
456 19
456 45
456 79
456 85
456 163
456 219
456 246
456 295
456 365
456 457
456 498
456 659
456 693
456 895
456 904
457 200
457 378
457 458
457 540
457 592
457 612
457 771
457 801
458 459
458 811
459 152
459 177
459 181
459 391
459 460
459 570
459 612
460 461
460 482
460 606
460 638
460 649
460 683
460 867
461 25
461 105
461 184
461 249
461 336
461 421
461 462
461 468
461 634
461 705
461 782
461 905
461 929
462 38
462 42
462 75
462 92
462 176
462 463
462 467
462 635
462 849
462 909
463 104
463 278
463 332
463 458
463 464
463 497
463 544
464 2
464 72
464 74
464 135
464 347
464 393
464 408
464 465
464 499
464 517
464 610
464 626
464 650
464 687
464 711
464 847
464 944
465 90
465 92
465 110
465 182
465 334
465 339
465 377
465 466
465 474
465 521
465 656
465 765
465 902
465 973
466 317
466 424
466 467
466 484
466 523
466 632
466 803
466 955
466 979
467 0
467 8
467 51
467 468
467 564
467 577
467 614
467 625
467 646
468 37
468 89
468 132
468 469
468 504
468 579
468 632
468 844
468 908
468 989
468 999
469 146
469 428
469 470
469 509
469 636
469 658
469 663
469 697
469 719
469 939
469 950
469 962
470 36
470 261
470 396
470 471
470 578
470 724
470 734
470 778
470 943
470 982
471 172
471 354
471 472
471 673
471 779
471 850
471 851
471 913
471 918
472 170
472 473
472 660
472 787
472 866
472 899
472 969
473 183
473 237
473 255
473 285
473 388
473 423
473 456
473 474
473 688
473 802
474 151
474 229
474 475
474 689
474 692
474 713
474 790
474 936
475 51
475 208
475 476
475 497
475 676
475 683
475 720
475 772
475 814
475 984
476 269
476 314
476 446
476 452
476 477
476 481
476 529
476 581
476 670
476 922
477 112
477 125
477 206
477 309
477 321
477 478
477 696
478 274
478 446
478 479
478 510
478 822
478 884
478 910
478 941
478 998
479 99
479 135
479 279
479 480
479 541
479 986
480 121
480 136
480 316
480 459
480 464
480 481
480 490
480 587
480 872
480 939
481 19
481 44
481 54
481 185
481 227
481 266
481 482
481 726
482 20
482 137
482 483
482 599
482 754
482 775
482 893
482 924
482 928
482 930
482 977
483 127
483 249
483 372
483 484
483 645
483 712
484 119
484 244
484 248
484 259
484 398
484 485
484 722
484 733
484 812
484 857
485 160
485 268
485 349
485 432
485 486
485 509
485 718
485 816
485 917
486 115
486 277
486 375
486 437
486 460
486 487
486 586
486 699
486 704
486 732
486 854
486 888
487 4
487 57
487 99
487 219
487 274
487 306
487 459
487 464
487 488
487 514
487 575
487 585
487 661
487 682
487 708
487 923
487 961
488 137
488 331
488 471
488 489
488 784
489 0
489 116
489 156
489 307
489 490
489 894
490 62
490 215
490 219
490 491
490 538
490 596
490 936
490 938
491 174
491 204
491 357
491 464
491 492
491 557
491 596
491 685
492 493
492 572
492 579
492 742
493 65
493 124
493 279
493 494
493 552
493 675
493 984
494 356
494 495
494 637
494 675
494 821
494 926
494 942
494 946
495 259
495 283
495 380
495 496
495 775
495 801
495 961
496 55
496 124
496 185
496 497
496 527
496 723
496 728
496 887
497 28
497 196
497 492
497 498
497 525
497 585
497 621
497 835
498 307
498 310
498 499
498 539
498 650
498 664
498 673
498 974
499 16
499 115
499 217
499 237
499 238
499 335
499 409
499 500
499 782
499 793
499 893
500 2
500 19
500 102
500 171
500 257
500 324
500 501
500 882
500 916
500 989
501 108
501 295
501 402
501 456
501 502
501 509
501 540
501 704
501 804
501 886
502 105
502 157
502 187
502 204
502 233
502 489
502 503
502 808
502 820
502 990
503 111
503 192
503 441
503 485
503 504
503 782
503 878
503 928
503 950
503 969
503 992
504 149
504 505
504 628
504 811
504 952
505 26
505 118
505 310
505 448
505 506
505 910
505 990
506 274
506 391
506 418
506 449
506 507
506 605
506 637
506 871
507 190
507 246
507 370
507 508
507 539
507 754
507 780
507 890
508 30
508 154
508 509
508 514
508 532
508 898
508 905
508 932
509 23
509 477
509 502
509 504
509 510
509 609
509 763
509 764
509 784
509 934
510 4
510 380
510 421
510 457
510 511
510 527
510 640
510 651
510 694
510 750
510 867
510 955
511 137
511 512
511 530
511 546
511 611
511 786
511 879
512 122
512 157
512 208
512 505
512 513
512 552
512 955
513 154
513 282
513 514
513 522
513 539
513 785
513 793
513 935
514 382
514 515
514 584
514 689
514 714
514 832
514 866
514 932
514 941
515 226
515 516
515 555
515 696
515 770
516 34
516 173
516 267
516 394
516 436
516 517
516 651
516 661
516 700
516 902
517 78
517 130
517 163
517 207
517 406
517 466
517 518
517 583
517 616
517 668
517 869
518 57
518 67
518 293
518 413
518 519
518 945
519 75
519 107
519 228
519 307
519 520
519 623
519 646
519 789
519 934
520 229
520 521
520 575
520 770
520 799
521 2
521 262
521 409
521 505
521 522
521 722
522 435
522 456
522 523
522 528
523 76
523 118
523 285
523 286
523 524
523 565
523 626
523 678
523 803
523 943
524 40
524 145
524 204
524 306
524 403
524 525
524 927
525 50
525 110
525 425
525 526
525 607
525 883
525 903
525 982
526 84
526 104
526 122
526 143
526 527
526 658
526 844
526 921
527 335
527 407
527 528
527 679
527 724
527 810
528 178
528 529
528 692
528 730
528 783
528 813
529 336
529 352
529 462
529 530
529 777
529 782
529 925
529 966
529 970
529 981
530 15
530 138
530 156
530 292
530 370
530 471
530 477
530 531
530 600
531 212
531 467
531 532
531 667
531 696
531 797
531 916
532 139
532 422
532 452
532 533
532 755
532 785
532 813
532 996
533 111
533 125
533 226
533 306
533 308
533 496
533 534
533 784
533 974
534 118
534 205
534 382
534 430
534 535
534 988
535 109
535 156
535 323
535 529
535 536
535 674
535 704
535 768
535 800
535 834
535 996
536 152
536 317
536 535
536 537
536 644
536 699
536 724
536 931
536 998
537 85
537 106
537 257
537 326
537 343
537 538
537 656
537 785
538 116
538 385
538 412
538 539
538 588
538 638
538 672
538 785
538 818
538 881
539 38
539 44
539 95
539 540
539 858
540 19
540 428
540 541
540 625
540 893
540 941
541 120
541 222
541 542
542 97
542 137
542 243
542 366
542 375
542 431
542 439
542 543
542 739
543 231
543 301
543 486
543 522
543 544
543 572
543 753
544 394
544 545
544 694
544 828
545 239
545 438
545 459
545 472
545 501
545 546
545 629
545 720
545 784
545 828
545 971
546 27
546 80
546 129
546 225
546 317
546 383
546 389
546 547
546 576
546 664
546 737
546 746
546 835
546 864
547 6
547 8
547 18
547 548
547 593
547 653
547 873
547 887
548 9
548 16
548 366
548 549
548 703
548 741
548 901
548 973
549 126
549 127
549 191
549 334
549 339
549 413
549 459
549 550
549 608
549 810
550 138
550 216
550 295
550 405
550 484
550 546
550 551
550 560
550 710
550 821
550 848
550 975
551 83
551 172
551 178
551 201
551 277
551 495
551 552
551 703
551 838
551 869
552 116
552 136
552 181
552 222
552 320
552 483
552 519
552 553
552 578
552 606
552 855
552 998
553 46
553 82
553 172
553 231
553 271
553 290
553 429
553 554
553 559
553 741
554 33
554 36
554 172
554 423
554 555
554 700
554 794
554 954
555 62
555 134
555 297
555 316
555 351
555 477
555 556
555 589
555 842
556 37
556 386
556 388
556 536
556 557
556 826
556 915
557 230
557 396
557 519
557 558
557 639
557 923
558 140
558 219
558 296
558 300
558 302
558 429
558 433
558 559
559 161
559 500
559 560
559 699
559 819
560 258
560 284
560 561
560 591
560 881
560 924
561 55
561 162
561 382
561 408
561 455
561 456
561 562
561 853
562 74
562 523
562 563
562 860
562 934
562 991
563 37
563 180
563 255
563 286
563 331
563 332
563 564
563 628
563 658
563 670
563 948
563 951
564 78
564 111
564 119
564 132
564 157
564 266
564 421
564 565
564 655
565 151
565 163
565 300
565 329
565 566
565 781
565 802
566 62
566 159
566 299
566 416
566 523
566 543
566 567
566 647
566 822
566 881
566 894
566 895
566 957
567 20
567 164
567 502
567 568
567 739
567 953
567 956
567 986
568 144
568 170
568 393
568 524
568 548
568 569
568 776
568 971
569 10
569 61
569 270
569 473
569 507
569 570
569 584
569 677
569 766
569 873
570 48
570 60
570 224
570 255
570 273
570 494
570 562
570 571
570 675
570 839
570 954
570 971
571 72
571 241
571 305
571 396
571 572
571 594
571 694
571 761
571 782
571 913
571 961
572 87
572 378
572 385
572 568
572 573
572 628
572 721
572 757
572 853
572 879
573 446
573 574
573 785
573 904
573 905
573 956
574 9
574 89
574 332
574 335
574 496
574 551
574 575
574 630
574 660
574 662
574 843
574 948
575 42
575 108
575 120
575 181
575 199
575 576
575 710
575 885
576 8
576 102
576 495
576 577
576 614
576 798
576 912
576 971
577 114
577 145
577 204
577 578
577 673
577 778
577 970
578 210
578 579
578 742
578 746
578 939
579 106
579 463
579 514
579 580
579 673
579 731
579 744
579 801
579 892
580 33
580 170
580 548
580 581
580 627
580 806
581 63
581 416
581 494
581 527
581 582
581 610
581 617
581 690
582 48
582 132
582 583
582 630
582 694
582 943
583 178
583 534
583 584
583 624
583 849
583 853
583 914
584 184
584 399
584 426
584 451
584 585
584 590
584 620
584 657
584 752
584 965
585 134
585 200
585 414
585 426
585 481
585 533
585 586
585 645
585 667
585 745
585 747
585 798
585 835
586 11
586 52
586 273
586 317
586 377
586 400
586 458
586 549
586 563
586 587
586 806
586 970
587 140
587 231
587 275
587 291
587 588
587 682
587 690
587 692
588 3
588 4
588 75
588 129
588 247
588 256
588 392
588 589
588 841
589 199
589 516
589 590
589 601
589 702
589 800
590 41
590 194
590 375
590 390
590 511
590 589
590 591
590 642
590 775
590 839
591 104
591 196
591 519
591 535
591 592
591 666
591 701
591 738
591 776
592 74
592 173
592 177
592 557
592 591
592 593
592 610
593 238
593 356
593 459
593 594
593 621
593 675
593 753
594 157
594 567
594 595
594 924
594 972
595 2
595 41
595 59
595 592
595 596
595 607
595 752
596 8
596 197
596 255
596 597
596 600
596 700
596 740
597 27
597 146
597 361
597 500
597 539
597 578
597 594
597 598
597 725
597 906
598 111
598 156
598 390
598 438
598 446
598 488
598 593
598 599
598 866
598 968
599 46
599 83
599 248
599 446
599 561
599 600
600 103
600 205
600 245
600 564
600 601
600 691
600 882
600 979
601 147
601 186
601 197
601 306
601 533
601 602
601 612
601 669
601 741
601 760
601 922
602 22
602 126
602 131
602 313
602 439
602 559
602 567
602 572
602 596
602 603
602 675
602 705
602 788
603 232
603 284
603 431
603 604
603 750
603 823
604 46
604 70
604 86
604 165
604 217
604 403
604 605
604 918
605 65
605 441
605 606
605 611
605 742
605 756
605 900
606 86
606 164
606 274
606 325
606 558
606 577
606 593
606 607
606 644
606 964
607 60
607 231
607 608
607 681
607 808
607 908
608 34
608 40
608 49
608 456
608 481
608 519
608 549
608 609
608 623
608 628
608 631
608 671
608 672
608 892
609 69
609 119
609 239
609 324
609 406
609 610
609 657
609 956
610 16
610 141
610 158
610 184
610 403
610 444
610 474
610 536
610 611
610 718
610 789
610 809
610 912
611 224
611 236
611 262
611 289
611 385
611 485
611 535
611 544
611 600
611 612
611 767
611 903
612 111
612 256
612 613
612 726
612 791
612 803
613 331
613 336
613 520
613 614
613 653
613 763
613 770
614 6
614 125
614 220
614 319
614 413
614 453
614 615
614 620
614 634
614 824
615 146
615 241
615 614
615 616
615 820
616 210
616 224
616 325
616 521
616 617
616 716
616 734
616 743
616 746
616 873
616 950
617 351
617 552
617 578
617 618
617 734
617 894
617 919
617 972
618 160
618 265
618 270
618 588
618 619
618 685
618 720
618 986
619 133
619 157
619 215
619 440
619 480
619 487
619 523
619 617
619 620
619 695
619 787
619 956
620 135
620 203
620 382
620 503
620 621
620 717
620 735
620 986
621 83
621 328
621 433
621 482
621 521
621 622
621 911
621 986
622 623
622 694
623 56
623 484
623 540
623 624
623 697
623 868
623 937
624 162
624 402
624 495
624 625
624 665
624 800
624 891
624 983
625 200
625 291
625 388
625 516
625 626
625 641
625 870
626 29
626 292
626 522
626 627
626 631
626 826
626 905
626 927
626 942
626 957
626 961
626 973
627 55
627 247
627 289
627 628
627 826
627 834
627 849
627 893
627 913
627 941
628 190
628 206
628 629
628 634
628 691
628 700
628 805
628 940
628 977
629 173
629 444
629 546
629 576
629 614
629 630
629 784
629 873
630 5
630 156
630 417
630 428
630 582
630 591
630 631
630 703
630 758
630 827
630 863
630 888
631 251
631 264
631 364
631 632
631 675
631 692
631 934
632 50
632 70
632 134
632 159
632 232
632 633
632 653
632 654
632 770
633 41
633 64
633 231
633 302
633 346
633 370
633 554
633 634
633 652
633 832
633 906
634 71
634 83
634 94
634 390
634 539
634 614
634 635
634 643
635 61
635 249
635 389
635 455
635 634
635 636
636 212
636 249
636 274
636 637
637 468
637 573
637 638
637 774
637 783
637 973
638 10
638 49
638 98
638 184
638 362
638 601
638 639
638 709
639 27
639 330
639 527
639 640
639 648
639 737
639 828
640 99
640 245
640 263
640 305
640 310
640 312
640 325
640 349
640 507
640 603
640 614
640 641
640 702
640 815
640 970
641 61
641 185
641 234
641 244
641 547
641 642
641 735
641 751
641 802
641 878
642 23
642 151
642 163
642 248
642 323
642 424
642 519
642 643
642 661
642 681
643 187
643 312
643 505
643 644
643 729
643 978
644 27
644 188
644 484
644 541
644 645
644 662
644 680
644 702
644 745
645 9
645 414
645 454
645 529
645 623
645 646
645 705
645 867
645 960
645 985
646 60
646 186
646 324
646 627
646 647
646 662
646 979
647 275
647 367
647 438
647 448
647 527
647 627
647 648
648 1
648 116
648 239
648 439
648 440
648 444
648 552
648 634
648 649
648 721
648 807
648 849
648 995
649 59
649 157
649 279
649 650
649 781
649 873
650 163
650 175
650 396
650 651
650 680
650 833
650 867
650 945
651 652
651 817
651 906
651 933
652 9
652 19
652 171
652 268
652 283
652 362
652 415
652 653
652 955
653 178
653 238
653 260
653 298
653 305
653 405
653 518
653 590
653 608
653 654
653 936
653 975
654 114
654 611
654 655
654 810
654 812
654 938
654 958
654 981
654 983
654 985
655 0
655 206
655 261
655 332
655 427
655 654
655 656
655 704
656 154
656 172
656 188
656 199
656 329
656 492
656 657
656 689
656 737
657 270
657 658
657 979
657 980
658 108
658 179
658 281
658 315
658 570
658 650
658 659
658 687
658 810
658 822
658 905
659 289
659 660
659 872
659 965
660 21
660 86
660 343
660 367
660 372
660 404
660 661
660 676
660 693
660 803
660 834
660 990
661 55
661 90
661 91
661 100
661 164
661 399
661 454
661 662
661 686
661 805
661 871
661 944
662 177
662 195
662 230
662 302
662 409
662 469
662 574
662 626
662 627
662 663
662 836
662 853
663 111
663 152
663 207
663 319
663 349
663 579
663 664
664 148
664 169
664 331
664 441
664 489
664 665
664 666
664 760
664 907
665 70
665 72
665 247
665 285
665 382
665 664
665 666
665 718
665 777
665 998
666 204
666 276
666 667
666 898
666 960
666 963
667 41
667 452
667 553
667 587
667 599
667 668
667 772
667 804
667 843
668 357
668 669
668 869
668 957
669 18
669 19
669 157
669 168
669 541
669 670
669 681
669 793
669 856
669 878
669 880
670 0
670 101
670 210
670 321
670 329
670 598
670 671
671 129
671 240
671 339
671 509
671 511
671 533
671 672
671 715
671 801
671 955
672 140
672 298
672 372
672 479
672 493
672 643
672 673
673 5
673 385
673 442
673 501
673 674
673 680
673 694
674 603
674 675
674 763
674 990
675 121
675 197
675 213
675 486
675 523
675 525
675 567
675 676
675 883
675 893
676 31
676 83
676 152
676 235
676 271
676 277
676 288
676 302
676 327
676 389
676 429
676 677
676 708
676 769
676 887
676 896
676 944
676 958
677 103
677 110
677 250
677 257
677 308
677 344
677 379
677 434
677 678
677 744
677 823
677 895
678 27
678 329
678 401
678 405
678 489
678 532
678 679
678 872
679 106
679 144
679 595
679 599
679 662
679 680
679 811
680 399
680 638
680 681
680 845
680 848
680 925
680 942
681 98
681 213
681 261
681 324
681 338
681 437
681 603
681 682
681 963
682 9
682 105
682 683
682 813
682 956
683 99
683 121
683 315
683 347
683 494
683 535
683 591
683 684
683 727
684 18
684 49
684 87
684 354
684 388
684 685
684 825
685 79
685 97
685 117
685 497
685 505
685 686
685 884
685 894
685 926
686 57
686 107
686 128
686 201
686 273
686 359
686 644
686 654
686 687
686 828
686 883
686 944
687 91
687 245
687 367
687 379
687 423
687 455
687 467
687 572
687 660
687 673
687 688
687 980
688 107
688 126
688 137
688 143
688 177
688 268
688 317
688 481
688 689
688 698
688 720
688 766
688 838
689 112
689 121
689 506
689 511
689 522
689 668
689 669
689 690
689 722
689 968
689 980
689 986
690 36
690 83
690 215
690 372
690 406
690 503
690 691
690 879
691 51
691 490
691 502
691 692
691 757
691 801
691 882
692 4
692 87
692 656
692 693
692 741
692 758
693 96
693 146
693 211
693 306
693 533
693 635
693 694
693 766
693 819
693 908
693 919
693 929
694 173
694 323
694 607
694 695
694 891
694 926
694 969
695 163
695 311
695 376
695 437
695 460
695 602
695 612
695 696
695 817
695 834
695 863
695 986
696 599
696 625
696 697
696 738
696 921
696 943
697 143
697 658
697 696
697 698
697 717
697 858
697 946
697 984
698 255
698 370
698 699
698 811
698 906
698 968
699 76
699 246
699 256
699 445
699 663
699 700
699 978
699 987
700 110
700 360
700 589
700 659
700 701
700 847
700 924
700 943
701 124
701 320
701 332
701 456
701 475
701 503
701 552
701 617
701 702
701 783
701 833
701 864
701 934
702 311
702 376
702 420
702 487
702 514
702 703
702 730
703 26
703 239
703 353
703 607
703 704
703 868
703 999
704 5
704 589
704 660
704 705
704 798
704 823
704 944
705 61
705 92
705 115
705 311
705 386
705 706
705 741
705 953
706 118
706 120
706 184
706 205
706 288
706 379
706 433
706 454
706 691
706 707
706 719
706 721
706 842
706 851
706 941
707 81
707 371
707 512
707 691
707 708
707 850
707 925
708 38
708 136
708 414
708 428
708 509
708 582
708 664
708 709
709 69
709 138
709 270
709 680
709 694
709 710
709 749
709 780
709 789
709 828
709 926
710 66
710 156
710 241
710 411
710 453
710 507
710 652
710 701
710 711
710 823
710 826
710 898
710 938
711 217
711 604
711 648
711 702
711 712
711 715
711 945
711 958
712 20
712 278
712 294
712 399
712 480
712 490
712 530
712 559
712 618
712 701
712 713
712 743
713 8
713 151
713 426
713 463
713 501
713 542
713 589
713 617
713 632
713 700
713 714
713 841
713 968
713 980
714 133
714 353
714 366
714 367
714 432
714 446
714 603
714 690
714 704
714 715
714 966
715 125
715 237
715 267
715 447
715 716
716 262
716 337
716 412
716 456
716 609
716 717
716 939
716 971
716 972
717 112
717 241
717 360
717 371
717 413
717 633
717 637
717 718
717 767
717 851
717 852
717 868
717 917
718 11
718 108
718 110
718 117
718 235
718 411
718 604
718 664
718 719
718 872
718 886
718 959
718 971
719 175
719 214
719 455
719 464
719 720
719 774
719 780
719 848
719 880
719 899
720 309
720 370
720 419
720 470
720 500
720 528
720 573
720 721
720 828
720 893
721 31
721 71
721 203
721 212
721 304
721 377
721 722
721 823
721 939
721 964
722 141
722 302
722 399
722 407
722 437
722 723
722 859
722 878
722 920
723 53
723 168
723 219
723 289
723 620
723 667
723 724
724 25
724 35
724 140
724 154
724 316
724 463
724 675
724 725
724 991
725 59
725 446
725 452
725 576
725 726
725 960
726 101
726 162
726 311
726 366
726 663
726 727
726 761
726 792
726 959
727 543
727 581
727 624
727 728
727 784
728 286
728 391
728 399
728 435
728 502
728 548
728 587
728 666
728 726
728 729
728 802
728 975
729 22
729 52
729 332
729 513
729 564
729 665
729 730
729 840
729 917
729 931
729 998
730 59
730 69
730 75
730 208
730 319
730 341
730 367
730 442
730 731
730 776
730 784
730 818
730 885
731 35
731 62
731 80
731 86
731 297
731 386
731 665
731 732
732 196
732 203
732 265
732 398
732 586
732 733
732 754
732 772
733 298
733 321
733 346
733 463
733 734
734 351
734 432
734 483
734 511
734 735
734 736
734 760
734 825
735 147
735 498
735 538
735 713
735 736
735 750
735 937
736 121
736 243
736 269
736 557
736 632
736 737
736 913
736 962
737 1
737 198
737 327
737 427
737 582
737 607
737 738
737 853
737 887
737 921
738 26
738 52
738 64
738 229
738 265
738 280
738 332
738 419
738 448
738 455
738 622
738 634
738 697
738 739
738 886
738 906
739 41
739 480
739 497
739 512
739 740
739 896
740 22
740 118
740 332
740 657
740 741
741 37
741 404
741 465
741 578
741 603
741 702
741 705
741 742
742 101
742 236
742 290
742 511
742 569
742 736
742 743
742 987
743 305
743 594
743 716
743 730
743 744
744 63
744 134
744 158
744 314
744 472
744 693
744 745
744 996
745 240
745 299
745 347
745 532
745 677
745 746
746 55
746 647
746 661
746 663
746 747
746 801
746 907
747 144
747 393
747 470
747 748
747 976
748 242
748 539
748 567
748 749
748 802
748 825
748 827
748 834
749 402
749 479
749 490
749 589
749 750
749 971
749 996
750 339
750 589
750 751
750 814
750 894
751 79
751 339
751 688
751 705
751 752
751 787
751 862
751 928
752 40
752 136
752 194
752 368
752 753
752 789
752 830
752 844
752 933
753 141
753 190
753 284
753 319
753 334
753 536
753 749
753 754
753 954
754 5
754 36
754 57
754 104
754 204
754 345
754 399
754 457
754 720
754 755
754 957
755 34
755 54
755 231
755 290
755 334
755 422
755 628
755 694
755 756
755 961
756 118
756 280
756 381
756 559
756 579
756 617
756 740
756 757
756 904
756 917
757 101
757 398
757 502
757 637
757 656
757 678
757 758
757 862
757 900
757 953
758 53
758 179
758 249
758 496
758 671
758 677
758 759
759 43
759 120
759 149
759 269
759 425
759 431
759 673
759 679
759 754
759 760
759 929
760 20
760 321
760 585
760 687
760 761
760 791
760 960
760 980
761 241
761 257
761 590
761 762
761 882
762 160
762 260
762 342
762 763
762 892
763 50
763 65
763 66
763 79
763 223
763 347
763 486
763 508
763 563
763 595
763 764
763 956
763 997
764 92
764 531
764 543
764 699
764 702
764 765
764 772
764 900
764 964
764 971
765 16
765 235
765 321
765 369
765 597
765 735
765 752
765 766
765 915
766 155
766 651
766 759
766 767
766 829
766 840
766 844
766 850
767 88
767 158
767 247
767 284
767 520
767 552
767 571
767 592
767 768
768 273
768 433
768 475
768 590
768 769
768 804
769 240
769 253
769 315
769 503
769 770
769 958
770 381
770 422
770 594
770 609
770 633
770 664
770 713
770 766
770 771
770 840
770 944
770 977
771 12
771 399
771 762
771 772
771 895
772 31
772 550
772 610
772 773
772 884
772 989
773 113
773 239
773 488
773 524
773 651
773 738
773 747
773 757
773 774
773 782
773 839
773 936
774 42
774 340
774 355
774 384
774 432
774 763
774 775
774 987
775 150
775 197
775 347
775 425
775 686
775 745
775 776
776 287
776 437
776 464
776 703
776 777
776 868
776 911
776 987
777 37
777 528
777 640
777 671
777 674
777 722
777 778
778 78
778 537
778 648
778 736
778 779
778 815
779 225
779 230
779 780
779 792
779 857
779 859
779 948
780 49
780 138
780 141
780 182
780 285
780 402
780 518
780 706
780 781
781 14
781 78
781 133
781 163
781 164
781 560
781 568
781 774
781 782
781 798
781 802
781 841
781 934
781 993
782 6
782 32
782 162
782 261
782 783
782 921
782 937
782 970
782 992
783 85
783 96
783 115
783 246
783 567
783 589
783 688
783 784
783 912
783 948
784 296
784 440
784 507
784 656
784 785
784 796
785 6
785 140
785 377
785 598
785 659
785 675
785 698
785 786
786 74
786 91
786 174
786 306
786 356
786 510
786 563
786 731
786 787
786 831
786 989
787 47
787 91
787 95
787 138
787 254
787 441
787 515
787 564
787 656
787 788
787 928
787 984
788 10
788 74
788 148
788 249
788 318
788 392
788 641
788 789
788 865
788 898
789 133
789 140
789 295
789 342
789 547
789 590
789 790
789 921
789 998
790 141
790 791
790 888
790 913
791 285
791 308
791 691
791 792
791 794
791 808
791 826
792 218
792 793
792 832
792 839
792 865
793 346
793 445
793 495
793 556
793 694
793 794
793 861
793 953
794 57
794 178
794 289
794 295
794 335
794 357
794 401
794 535
794 635
794 795
794 818
794 831
794 966
795 63
795 440
795 796
795 964
796 206
796 370
796 647
796 762
796 797
797 11
797 109
797 112
797 172
797 286
797 367
797 435
797 496
797 599
797 660
797 798
798 409
798 412
798 788
798 799
799 227
799 291
799 746
799 800
799 831
799 894
799 980
799 990
800 195
800 251
800 272
800 386
800 448
800 496
800 625
800 664
800 801
800 992
801 20
801 130
801 802
801 842
801 953
801 991
802 459
802 461
802 544
802 613
802 707
802 724
802 803
802 919
802 930
803 38
803 302
803 311
803 363
803 445
803 465
803 480
803 484
803 487
803 577
803 804
803 834
803 959
804 29
804 71
804 421
804 805
804 818
805 39
805 110
805 186
805 210
805 321
805 403
805 519
805 552
805 702
805 717
805 806
806 233
806 519
806 675
806 701
806 738
806 807
806 810
806 897
807 103
807 351
807 451
807 633
807 660
807 723
807 808
807 881
807 884
807 908
807 999
808 7
808 248
808 313
808 407
808 551
808 787
808 807
808 809
808 813
808 820
808 822
808 892
809 302
809 404
809 810
809 991
810 32
810 143
810 146
810 656
810 811
810 867
810 939
810 998
811 38
811 142
811 149
811 309
811 493
811 494
811 553
811 696
811 791
811 812
811 961
812 99
812 143
812 370
812 813
812 977
813 19
813 212
813 257
813 347
813 596
813 814
813 901
813 935
814 78
814 362
814 406
814 418
814 547
814 815
814 887
814 918
815 7
815 64
815 109
815 152
815 167
815 440
815 483
815 753
815 790
815 816
815 817
816 170
816 298
816 414
816 531
816 538
816 641
816 817
816 869
817 252
817 299
817 593
817 818
818 245
818 288
818 376
818 468
818 540
818 580
818 630
818 819
818 866
818 892
818 963
818 994
819 207
819 304
819 308
819 323
819 431
819 585
819 639
819 820
819 830
819 882
819 931
820 402
820 543
820 619
820 654
820 693
820 767
820 821
821 116
821 360
821 452
821 493
821 556
821 822
821 829
821 864
822 453
822 520
822 525
822 823
822 990
823 117
823 149
823 207
823 307
823 485
823 528
823 570
823 779
823 824
823 882
823 980
824 136
824 825
824 877
824 911
824 913
824 965
825 9
825 133
825 163
825 425
825 652
825 745
825 755
825 766
825 826
825 943
826 44
826 315
826 416
826 439
826 546
826 669
826 701
826 827
827 13
827 25
827 159
827 179
827 184
827 197
827 271
827 572
827 735
827 828
827 882
827 950
828 56
828 131
828 339
828 483
828 755
828 759
828 829
828 880
828 890
829 0
829 191
829 263
829 698
829 727
829 817
829 830
829 902
830 138
830 307
830 377
830 755
830 783
830 797
830 831
830 855
830 920
831 63
831 133
831 460
831 832
832 76
832 259
832 271
832 385
832 560
832 812
832 821
832 833
833 423
833 710
833 778
833 834
834 121
834 179
834 350
834 393
834 556
834 835
835 17
835 628
835 836
835 843
835 938
836 3
836 121
836 204
836 240
836 390
836 444
836 567
836 804
836 837
836 888
837 122
837 202
837 239
837 731
837 798
837 812
837 838
838 141
838 167
838 353
838 535
838 636
838 757
838 839
838 855
838 974
839 69
839 102
839 294
839 388
839 403
839 460
839 592
839 840
840 57
840 367
840 667
840 785
840 814
840 841
841 66
841 157
841 275
841 290
841 341
841 697
841 725
841 788
841 822
841 842
841 915
841 960
841 965
842 184
842 279
842 653
842 774
842 797
842 798
842 843
843 46
843 289
843 293
843 375
843 410
843 416
843 465
843 475
843 631
843 677
843 844
844 164
844 216
844 638
844 845
845 212
845 328
845 545
845 638
845 743
845 748
845 846
845 920
846 145
846 309
846 335
846 437
846 721
846 801
846 847
846 898
847 1
847 292
847 317
847 615
847 848
847 880
848 12
848 387
848 421
848 490
848 521
848 798
848 849
849 125
849 195
849 572
849 635
849 643
849 648
849 661
849 669
849 674
849 710
849 850
850 69
850 143
850 420
850 664
850 797
850 851
850 920
850 928
850 933
851 87
851 127
851 142
851 192
851 293
851 613
851 709
851 826
851 852
852 55
852 157
852 179
852 205
852 376
852 598
852 792
852 835
852 853
852 925
853 346
853 401
853 501
853 543
853 556
853 854
853 963
854 83
854 172
854 255
854 258
854 287
854 363
854 373
854 494
854 599
854 609
854 651
854 665
854 828
854 855
854 869
855 587
855 856
855 877
855 960
856 15
856 397
856 470
856 498
856 633
856 706
856 857
856 881
856 926
857 59
857 180
857 351
857 507
857 601
857 688
857 858
858 434
858 599
858 617
858 859
859 383
859 582
859 644
859 696
859 710
859 725
859 741
859 846
859 860
859 900
860 31
860 198
860 256
860 368
860 396
860 454
860 522
860 673
860 861
861 225
861 256
861 287
861 340
861 454
861 546
861 654
861 821
861 862
862 143
862 169
862 561
862 645
862 647
862 732
862 863
863 402
863 563
863 669
863 692
863 718
863 768
863 786
863 864
863 946
864 118
864 163
864 165
864 413
864 592
864 745
864 865
865 174
865 177
865 309
865 380
865 444
865 450
865 569
865 574
865 701
865 866
866 52
866 244
866 528
866 544
866 651
866 816
866 867
867 76
867 352
867 411
867 432
867 608
867 674
867 750
867 849
867 868
868 82
868 127
868 212
868 493
868 694
868 753
868 814
868 869
869 242
869 351
869 755
869 870
869 928
870 64
870 390
870 548
870 672
870 700
870 871
870 959
871 120
871 127
871 161
871 489
871 516
871 536
871 724
871 769
871 789
871 802
871 872
872 55
872 141
872 213
872 396
872 418
872 476
872 496
872 672
872 873
873 75
873 87
873 494
873 543
873 670
873 706
873 874
873 913
874 33
874 154
874 160
874 424
874 437
874 875
875 235
875 238
875 438
875 463
875 510
875 512
875 548
875 876
875 884
876 211
876 233
876 322
876 563
876 654
876 794
876 877
877 226
877 297
877 372
877 534
877 554
877 710
877 878
877 901
878 36
878 164
878 263
878 279
878 584
878 724
878 879
878 970
878 997
879 27
879 85
879 148
879 581
879 768
879 846
879 880
880 281
880 338
880 460
880 466
880 540
880 666
880 881
880 931
881 353
881 642
881 702
881 788
881 798
881 882
881 891
881 917
882 33
882 265
882 283
882 370
882 735
882 799
882 832
882 836
882 883
882 956
883 12
883 141
883 191
883 603
883 700
883 732
883 779
883 884
883 961
884 29
884 226
884 432
884 487
884 682
884 875
884 885
884 994
885 549
885 613
885 701
885 702
885 801
885 886
886 120
886 169
886 289
886 408
886 887
886 923
887 82
887 103
887 472
887 631
887 649
887 674
887 745
887 888
887 958
888 123
888 382
888 493
888 697
888 708
888 889
888 937
889 56
889 148
889 233
889 281
889 331
889 673
889 694
889 770
889 792
889 799
889 852
889 890
890 146
890 204
890 238
890 555
890 788
890 891
890 933
890 939
891 45
891 101
891 317
891 346
891 445
891 485
891 553
891 670
891 892
892 100
892 233
892 331
892 689
892 821
892 893
892 982
892 996
893 12
893 49
893 252
893 704
893 894
894 12
894 32
894 527
894 806
894 895
895 209
895 380
895 416
895 549
895 720
895 896
895 945
895 955
896 308
896 721
896 742
896 897
897 38
897 269
897 280
897 386
897 550
897 556
897 571
897 735
897 784
897 898
897 940
897 994
898 9
898 324
898 377
898 476
898 491
898 577
898 899
899 396
899 484
899 580
899 736
899 750
899 900
900 250
900 315
900 388
900 498
900 582
900 831
900 901
901 282
901 343
901 585
901 715
901 858
901 899
901 902
902 70
902 241
902 267
902 306
902 387
902 535
902 903
903 142
903 329
903 332
903 505
903 563
903 574
903 578
903 665
903 904
904 106
904 202
904 624
904 664
904 905
905 584
905 906
905 965
906 92
906 109
906 390
906 397
906 424
906 549
906 907
907 120
907 302
907 641
907 644
907 766
907 908
908 53
908 336
908 421
908 580
908 593
908 618
908 777
908 831
908 909
909 52
909 133
909 384
909 454
909 703
909 720
909 910
910 12
910 16
910 80
910 199
910 290
910 555
910 642
910 900
910 911
910 951
911 164
911 309
911 446
911 453
911 583
911 624
911 815
911 834
911 852
911 868
911 912
912 307
912 453
912 586
912 790
912 848
912 913
913 133
913 214
913 558
913 572
913 667
913 905
913 914
914 168
914 294
914 331
914 494
914 527
914 663
914 707
914 768
914 869
914 915
915 70
915 264
915 312
915 515
915 698
915 807
915 855
915 916
915 960
916 240
916 713
916 831
916 917
917 109
917 154
917 343
917 404
917 424
917 918
918 19
918 85
918 102
918 162
918 372
918 381
918 402
918 415
918 509
918 553
918 588
918 865
918 919
918 960
919 5
919 183
919 273
919 388
919 469
919 597
919 667
919 855
919 902
919 920
920 40
920 82
920 556
920 730
920 742
920 823
920 921
921 41
921 58
921 123
921 198
921 299
921 345
921 922
922 529
922 559
922 572
922 610
922 923
922 982
923 9
923 53
923 431
923 501
923 619
923 924
924 169
924 178
924 293
924 322
924 588
924 831
924 874
924 925
925 323
925 683
925 743
925 855
925 926
926 248
926 400
926 586
926 620
926 657
926 720
926 788
926 927
927 32
927 37
927 81
927 525
927 679
927 928
927 929
928 37
928 91
928 113
928 340
928 386
928 403
928 428
928 468
928 728
928 820
928 929
928 944
928 963
929 97
929 810
929 930
930 15
930 191
930 259
930 272
930 355
930 453
930 682
930 701
930 829
930 931
930 999
931 135
931 302
931 352
931 619
931 717
931 932
932 467
932 620
932 704
932 744
932 933
933 135
933 529
933 568
933 604
933 934
934 116
934 343
934 372
934 452
934 545
934 675
934 935
935 94
935 587
935 605
935 731
935 830
935 844
935 907
935 936
936 121
936 279
936 596
936 658
936 826
936 881
936 937
936 988
937 245
937 333
937 449
937 624
937 815
937 938
938 34
938 78
938 358
938 909
938 939
939 46
939 222
939 255
939 289
939 544
939 807
939 849
939 868
939 940
940 0
940 60
940 98
940 369
940 419
940 430
940 471
940 629
940 633
940 667
940 831
940 892
940 941
940 965
941 421
941 551
941 660
941 715
941 942
942 25
942 89
942 150
942 275
942 516
942 890
942 943
942 950
943 179
943 237
943 688
943 828
943 932
943 944
943 974
944 184
944 542
944 543
944 688
944 945
945 485
945 495
945 571
945 673
945 916
945 946
946 164
946 219
946 270
946 340
946 577
946 587
946 589
946 947
947 73
947 108
947 287
947 550
947 747
947 825
947 913
947 948
947 952
948 91
948 151
948 296
948 440
948 559
948 585
948 614
948 648
948 771
948 802
948 949
949 132
949 506
949 605
949 717
949 816
949 939
949 950
950 205
950 514
950 624
950 760
950 951
951 552
951 673
951 870
951 878
951 952
951 974
952 413
952 435
952 872
952 931
952 943
952 953
953 177
953 240
953 627
953 823
953 906
953 954
953 983
953 992
954 45
954 562
954 640
954 955
955 38
955 317
955 357
955 360
955 492
955 575
955 583
955 815
955 943
955 956
956 160
956 202
956 483
956 814
956 941
956 957
957 88
957 267
957 278
957 342
957 367
957 433
957 443
957 726
957 859
957 903
957 958
958 254
958 544
958 785
958 904
958 959
959 445
959 508
959 562
959 653
959 766
959 960
960 437
960 911
960 915
960 961
961 28
961 137
961 330
961 661
961 686
961 899
961 962
961 974
962 73
962 102
962 380
962 388
962 553
962 744
962 789
962 931
962 963
963 302
963 384
963 503
963 707
963 747
963 761
963 882
963 904
963 964
964 472
964 847
964 919
964 965
965 11
965 137
965 278
965 580
965 665
965 725
965 966
966 30
966 57
966 493
966 635
966 701
966 772
966 967
967 8
967 116
967 221
967 353
967 410
967 837
967 854
967 904
967 968
968 38
968 152
968 216
968 448
968 627
968 629
968 931
968 969
969 80
969 87
969 119
969 562
969 580
969 756
969 932
969 970
970 23
970 58
970 98
970 501
970 532
970 581
970 632
970 711
970 749
970 781
970 784
970 928
970 963
970 971
971 171
971 379
971 405
971 579
971 635
971 656
971 714
971 868
971 972
972 11
972 117
972 154
972 163
972 253
972 760
972 773
972 775
972 973
973 21
973 309
973 343
973 349
973 974
974 149
974 414
974 616
974 791
974 851
974 872
974 975
975 31
975 355
975 417
975 538
975 878
975 976
976 538
976 797
976 855
976 977
977 324
977 449
977 705
977 791
977 810
977 978
978 364
978 416
978 655
978 679
978 979
979 78
979 263
979 395
979 516
979 564
979 791
979 864
979 980
980 43
980 63
980 76
980 122
980 136
980 781
980 816
980 821
980 981
981 40
981 182
981 348
981 384
981 438
981 627
981 662
981 686
981 838
981 982
982 406
982 415
982 426
982 756
982 983
983 29
983 348
983 402
983 520
983 531
983 604
983 649
983 684
983 694
983 817
983 984
984 61
984 87
984 212
984 333
984 421
984 542
984 690
984 794
984 985
985 271
985 467
985 768
985 843
985 861
985 893
985 986
986 90
986 430
986 496
986 575
986 611
986 835
986 987
987 31
987 37
987 133
987 216
987 288
987 318
987 407
987 651
987 788
987 812
987 819
987 825
987 928
987 988
988 219
988 461
988 488
988 581
988 604
988 762
988 789
988 828
988 854
988 989
989 16
989 165
989 332
989 386
989 466
989 468
989 565
989 654
989 863
989 990
990 148
990 149
990 626
990 726
990 770
990 821
990 825
990 865
990 866
990 991
991 59
991 125
991 294
991 326
991 439
991 533
991 721
991 933
991 992
992 95
992 425
992 446
992 454
992 547
992 577
992 698
992 786
992 792
992 993
993 8
993 68
993 158
993 192
993 267
993 319
993 504
993 566
993 791
993 919
993 994
994 4
994 21
994 295
994 386
994 456
994 774
994 995
995 104
995 145
995 171
995 216
995 469
995 505
995 512
995 794
995 881
995 996
996 50
996 179
996 304
996 423
996 929
996 944
996 997
997 55
997 62
997 194
997 473
997 493
997 608
997 631
997 635
997 709
997 710
997 761
997 765
997 785
997 806
997 944
997 998
998 99
998 108
998 276
998 408
998 999
999 0
999 161
999 205
999 268
999 519
999 759
